-1 96 107 107 107 107 -1 -1
-1 99 103 103 103 103 -1 -1
-1 97 102 102 102 102 -1 -1
-1 99 100 100 100 100 -1 -1
-1 96 101 102 102 102 -1 -1
-1 98 102 102 102 104 -1 -1
-1 96 101 101 100 100 105 -1
-1 98 102 102 102 105 -1 -1
-1 97 107 107 107 102 102 -1
-1 96 101 101 102 102 105 -1
-1 98 104 104 100 100 102 -1
-1 98 107 100 103 104 104 -1
-1 -1 99 103 103 106 -1 -1
-1 97 100 100 100 106 106 -1
-1 99 101 104 106 105 -1 -1
-1 97 103 103 103 105 -1 -1
-1 -1 -1 107 103 -1 -1 -1
-1 -1 107 100 100 100 -1 -1
-1 -1 102 102 106 -1 -1 -1
-1 106 106 100 100 102 -1 -1
-1 -1 107 103 103 104 -1 -1
-1 107 107 107 103 103 -1 -1
-1 101 101 107 107 103 104 -1
-1 101 101 102 102 103 105 -1 
101 101 104 107 107 107 102 -1
-1 102 102 102 102 103 106 -1 
-1 107 107 103 103 103 105 -1 
-1 -1 107 107 105 104 -1 -1
-1 107 101 101 103 103 104 -1 
107 107 107 102 102 102 103 -1 
107 107 107 100 100 100 103 -1
-1 107 107 107 102 100 104 -1 
-1 -1 107 107 100 106 -1 -1
-1 107 101 102 102 102 104 -1 
-1 -1 104 103 105 107 -1 -1
-1 107 107 107 105 105 100 -1 
106 106 101 102 100 103 104 -1
-1 -1 104 102 102 103 -1 -1
104 105 105 103 103 102 102 -1
-1 107 107 107 100 100 106 -1
-1 -1 100 100 103 103 -1 -1
-1 107 107 102 102 106 -1 -1
-1 107 105 101 104 106 -1 -1
101 104 103 103 103 105 105 -1
-1 104 107 107 103 105 -1 -1
-1 103 105 105 102 102 -1 -1
-1 -1 101 100 105 105 -1 -1
-1 101 100 100 105 105 102 -1
-1 -1 107 107 102 102 -1 -1
-1 -1 103 105 102 102 -1 -1
-1 107 101 100 100 104 -1 -1
-1 106 106 105 103 100 -1 -1
-1 -1 106 102 102 105 -1 -1
-1 104 107 102 100 105 -1 -1
104 107 107 100 100 105 105 -1
-1 -1 106 104 100 103 -1 -1
-1 107 107 103 103 105 105 -1
-1 101 100 103 104 106 -1 -1
-1 104 107 107 100 105 -1 -1
-1 -1 105 107 103 103 -1 -1


