107 107 107 107
103 103 103 103
102 102 102 102
100 100 100 100
101 102 102 102
102 102 102 104
101 101 100 100 105
102 102 102 105
107 107 107 102 102
101 101 102 102 105
104 104 100 100 102 
107 100 103 104 104
103 103 106
100 100 100 106 106
101 104 106 105
103 103 103 105
107 103
107 100 100 100
102 102 106
106 106 100 100 102
107 103 103 104
107 107 107 103 103
101 101 107 107 103 104
101 101 102 102 103 105
101 101 104 107 107 107 102
102 102 102 102 103 106
107 107 103 103 103 105
107 107 105 104
107 101 101 103 103 104
107 107 107 102 102 102 103
107 107 107 100 100 100 103
107 107 107 102 100 104
107 107 100 106
107 101 102 102 102 104
104 103 105 107
107 107 107 105 105 100
106 106 101 102 100 103 104
104 102 102 103
104 105 105 103 103 102 102
107 107 107 100 100 106
100 100 103 103
107 107 102 102 106
107 105 101 104 106
101 104 103 103 103 105 105
104 107 107 103 105
103 105 105 102 102
101 100 105 105
101 100 100 105 105 102
107 107 102 102
103 105 102 102
107 101 100 100 104
106 106 105 103 100
106 102 102 105
104 107 102 100 105
104 107 107 100 100 105 105
106 104 100 103
107 107 103 103 105 105
101 100 103 104 106
104 107 107 100 105
105 102 103 103


